# Matlab generated AMPL/GLPK data file

# 
# For use with model milp_path.mod
# 
param Nv :=            8;
param Na :=           20;
param costa :=    1    0.951056516295154,   2    0.809016994374947,   3    0.587785252292473,   4    0.309016994374947,   5    0.000000000000000,   6   -0.309016994374947,   7   -0.587785252292473,   8   -0.809016994374947,   9   -0.951056516295154,  10   -1.000000000000000,  11   -0.951056516295154,  12   -0.809016994374947,  13   -0.587785252292473,  14   -0.309016994374948,  15   -0.000000000000000,  16    0.309016994374947,  17    0.587785252292473,  18    0.809016994374947,  19    0.951056516295154,  20    1.000000000000000;
param sinta :=    1    0.309016994374947,   2    0.587785252292473,   3    0.809016994374947,   4    0.951056516295154,   5    1.000000000000000,   6    0.951056516295154,   7    0.809016994374947,   8    0.587785252292473,   9    0.309016994374948,  10    0.000000000000000,  11   -0.309016994374947,  12   -0.587785252292473,  13   -0.809016994374947,  14   -0.951056516295154,  15   -1.000000000000000,  16   -0.951056516295154,  17   -0.809016994374948,  18   -0.587785252292473,  19   -0.309016994374948,  20   -0.000000000000000;
param costv :=    1    0.707106781186548,   2    0.000000000000000,   3   -0.707106781186547,   4   -1.000000000000000,   5   -0.707106781186548,   6   -0.000000000000000,   7    0.707106781186547,   8    1.000000000000000;
param sintv :=    1    0.707106781186547,   2    1.000000000000000,   3    0.707106781186548,   4    0.000000000000000,   5   -0.707106781186547,   6   -1.000000000000000,   7   -0.707106781186548,   8   -0.000000000000000;
param amax :=    1.000000000000000;
param vmax :=    1.000000000000000;
param vmin :=    0.800000000000000;
param Nt :=           10;
param dt :=    1.000000000000000;
param ri :=    1   -2.000000000000000,   2    0.000000000000000;
param vi :=    1    0.500000000000000,   2    0.500000000000000;
param rf :=    1    2.500000000000000,   2    3.500000000000000,   3   -0.500000000000000,   4    0.500000000000000;
param ro :=    1   -5.000000000000000,   2    5.000000000000000,   3   -5.000000000000000,   4    5.000000000000000;
param gamma :=    0.001000000000000;
param No :=    1.000000000000000;
param Nc :=    4.000000000000000;
param obst :                    1                   2                   3                   4	:=
	   1    1.00000000000000   -1.00000000000000    0.00000000000000    1.00000000000000
	   2    1.00000000000000    1.00000000000000    0.00000000000000    1.00000000000000
	   3    1.00000000000000    0.00000000000000   -1.00000000000000    1.00000000000000
	   4    1.00000000000000    0.00000000000000    1.00000000000000    1.00000000000000	;
param M :=    1    6.000000000000000,   2    6.000000000000000,   3    6.000000000000000,   4    6.000000000000000;
